8	0.00728482	223.649	61.1977
8	0.00974658	163.077	32.2098
8	0.0127523	138.339	24.7132
8	0.0164634	129.894	21.8714
8	0.0210862	126.746	20.3031
8	0.0268231	123.159	18.931
7	0.0289326	124.786	9.17924
8	0.033912	117.063	17.9364
7	0.0342128	124.786	6.36183
7	0.0403734	117.406	1.34182
8	0.0427003	111.35	16.9872
7	0.0464876	110.295	4.83178
7	0.0523582	107.96	4.70736
8	0.0536019	104.183	15.8353
7	0.0580605	103.183	4.48253
7	0.0636125	101.439	4.39484
8	0.0659054	97.7077	14.5824
7	0.0690112	96.6892	4.17854
7	0.0743347	93.4152	4.04188
8	0.0787811	89.0866	13.3343
7	0.0795687	90.4365	3.90522
7	0.0847256	87.2162	3.76858
7	0.0898156	82.6273	3.55227
8	0.0923417	80.186	12.0893
7	0.0948726	79.6217	3.4422
7	0.099877	76.7234	3.4422
8	0.100989	74.8065	11.2115
7	0.104835	73.8788	3.17275
8	0.106721	72.0578	10.7637
8	0.108886	70.6038	10.5391
7	0.109752	70.578	3.03612
7	0.11468	67.6261	2.90335
8	0.116881	66.0162	9.87562
7	0.11955	65.1572	2.79324
8	0.122094	63.2259	9.52688
7	0.124436	62.1516	2.66053
8	0.124974	61.6199	9.23854
7	0.129294	59.629	2.55038
8	0.133167	57.6575	8.61382
13	0.133341	51.3895	19.6133
7	0.134127	56.5966	2.41775
13	0.13742	49.4641	14.4381
8	0.138514	55.2546	8.24518
7	0.138981	54.9596	2.36063
13	0.141452	47.7249	11.3567
8	0.141482	53.5309	8.01268
7	0.143814	52.9201	2.25452
13	0.14544	46.0347	8.58782
7	0.148671	50.317	2.14854
13	0.149386	44.498	6.78982
8	0.14994	49.6863	7.43342
13	0.153315	42.9376	5.26205
7	0.153509	47.7945	2.03828
8	0.156175	47.4918	7.05548
13	0.157182	41.4989	4.30835
7	0.158372	44.762	1.93236
8	0.158539	45.8759	6.87601
13	0.161036	40.1296	3.6754
7	0.16324	43.6081	1.84855
13	0.164855	38.7709	3.08472
8	0.167296	42.4334	6.34218
7	0.168113	41.7296	1.76913
13	0.16864	37.4846	2.6038
2.76	0.17224	57.3314	3.08452
13	0.172414	36.2234	2.1568
7	0.173013	40.0926	1.71623
8	0.175157	38.8585	5.92209
13	0.176134	35.0344	1.92061
8	0.176228	38.9296	5.83194
7	0.17792	37.6237	1.60589
13	0.179846	33.8713	1.70133
2.76	0.180721	50.9177	2.38364
7	0.182854	36.2524	1.55254
13	0.183529	32.7381	1.49895
8	0.185331	35.5361	5.34522
13	0.187183	31.6318	1.38087
7	0.187816	34.6181	1.48506
2.76	0.189051	44.6952	1.97595
13	0.19081	30.5687	1.26274
7	0.192785	32.3451	1.39024
13	0.19441	29.5407	1.15312
8	0.19462	32.6403	4.88296
8	0.194877	32.0666	4.91715
2.76	0.197241	41.9112	1.83185
7	0.197801	30.8879	1.33119
13	0.198006	28.5412	1.05195
13	0.201556	27.5632	0.959209
7	0.202825	29.42	1.26902
8	0.204089	29.7274	4.446
13	0.205102	26.616	0.874905
2.76	0.205301	39.8974	1.76975
7	0.207895	28.1695	1.21742
13	0.208625	25.7293	0.799026
13	0.212125	24.8566	0.72329
7	0.212993	26.8948	1.16582
2.76	0.21324	35.145	1.54532
8	0.213773	26.915	4.03347
8	0.214288	26.432	4.07451
13	0.215603	24.014	0.689363
7	0.218136	25.0056	1.08473
13	0.21908	23.212	0.647173
2.76	0.221066	32.3559	1.46233
13	0.222535	22.4208	0.613364
7	0.223305	23.9268	1.04155
8	0.223645	24.2932	3.64623
13	0.22595	21.6818	0.571199
7	0.228519	21.9463	0.957852
2.76	0.228785	28.5701	1.31512
13	0.229364	20.9436	0.537408
13	0.232779	20.2464	0.511979
8	0.233038	21.9964	3.37888
8	0.233757	21.8532	3.28256
7	0.233778	21.16	0.925223
13	0.236155	19.5685	0.478205
2.76	0.236405	27.6689	1.273
7	0.23908	19.837	0.868393
13	0.239513	18.9052	0.452785
13	0.242871	18.2799	0.419168
2.76	0.243931	24.8849	1.17273
8	0.244082	19.6036	2.94414
7	0.244443	18.4549	0.811576
13	0.246212	17.6634	0.393766
13	0.249536	17.0619	0.368515
7	0.249918	17.5855	0.773708
8	0.251255	17.9997	2.81448
2.76	0.251368	23.3645	1.2575
13	0.252842	16.4838	0.351446
8	0.254651	17.5594	2.63019
7	0.25533	16.6113	0.730603
13	0.256132	15.9323	0.334526
2.76	0.25872	20.938	1.04565
13	0.259424	15.3926	0.325918
7	0.26087	15.5943	0.686938
13	0.262682	14.8709	0.309002
8	0.265473	15.5306	2.33885
13	0.265943	14.3588	0.292092
2.76	0.265992	19.775	0.993372
8	0.268938	15.1481	2.35221
13	0.269188	13.8703	0.283483
7	0.272156	13.7426	0.606042
13	0.272437	13.392	0.268128
2.76	0.273187	17.5549	0.906077
13	0.275653	12.936	0.25952
8	0.276542	13.7844	2.07111
7	0.277731	12.9456	0.570851
13	0.278853	12.4938	0.242491
2.76	0.28031	16.8249	0.893089
13	0.282059	12.0691	0.233885
7	0.282928	14.5208	0.641245
7	0.283596	12.0734	0.540272
13	0.28525	11.6681	0.225279
8	0.286181	12.885	1.97972
2.76	0.287363	15.5663	0.853636
8	0.287866	12.1136	1.82601
13	0.288428	11.2688	0.208457
7	0.289415	11.4696	0.521374
13	0.291592	10.8789	0.199854
2.76	0.29435	13.4821	0.758557
13	0.294761	10.5117	0.191252
7	0.295353	10.5974	0.488809
13	0.297898	10.1584	0.182651
8	0.299471	10.6169	1.60187
13	0.301041	9.80605	0.17405
2.76	0.301273	12.9534	0.737102
7	0.301409	9.59378	0.452387
8	0.303029	10.1805	1.66741
13	0.304172	9.47388	0.165659
13	0.30729	9.13959	0.157063
7	0.307579	9.02486	0.432855
2.76	0.308134	11.7402	0.684859
13	0.310395	8.83426	0.148469
8	0.31135	9.26591	1.39777
13	0.313489	8.53687	0.140097
7	0.313701	8.55524	0.409542
2.76	0.314937	10.3859	0.640933
13	0.316589	8.23896	0.139659
8	0.319521	8.47883	1.41268
13	0.319677	7.95938	0.129635
7	0.320096	7.75822	0.387421
2.76	0.321683	9.9882	0.629283
13	0.322754	7.69117	0.123647
8	0.323527	8.00561	1.21459
13	0.325819	7.4242	0.117662
7	0.326442	6.88337	0.350605
2.76	0.328375	9.13235	0.581536
13	0.328873	7.17115	0.11168
13	0.331916	6.92223	0.1057
7	0.333054	6.48352	0.336208
13	0.334966	6.68713	0.100582
2.76	0.335014	8.39734	0.549149
8	0.335689	7.03464	1.19688
8	0.336009	6.89316	1.04886
13	0.338005	6.4556	0.0954416
7	0.339615	5.99779	0.317457
13	0.341033	6.23539	0.091941
2.76	0.341603	7.85866	0.538778
13	0.344051	6.01641	0.0876349
7	0.346437	5.42619	0.293628
13	0.347059	5.80815	0.0841605
2.76	0.348143	7.04309	0.500879
8	0.348803	5.92268	0.899747
13	0.350074	5.60543	0.0806867
8	0.35156	5.9754	1.04705
13	0.353062	5.41029	0.078017
7	0.353206	5.10148	0.281763
2.76	0.354635	6.31814	0.462401
13	0.356057	5.22269	0.0745698
13	0.359042	5.03764	0.071124
7	0.36023	4.54061	0.257134
2.76	0.361081	5.64353	0.449391
8	0.361899	5.06205	0.766416
13	0.362035	4.85958	0.0685073
13	0.365001	4.69496	0.0658641
8	0.367157	4.64644	0.942144
2.76	0.367483	5.81974	0.553965
7	0.367504	4.07903	0.235941
13	0.367958	4.5281	0.063248
13	0.370922	4.3662	0.0606323
2.76	0.373842	4.82796	0.392139
13	0.373877	4.21152	0.0580446
7	0.374721	3.73017	0.222397
8	0.375351	4.28748	0.649646
13	0.376824	4.06083	0.0554302
13	0.379761	3.91511	0.0528447
2.76	0.38016	4.50576	0.379028
7	0.382183	3.24444	0.197876
8	0.382502	3.88879	0.875672
13	0.382706	3.77911	0.051084
13	0.385626	3.64505	0.0485006
2.76	0.386437	4.19867	0.359775
13	0.388554	3.51454	0.0467407
8	0.389132	3.59921	0.54777
7	0.389883	3.02171	0.189397
13	0.391473	3.38434	0.0449519
2.76	0.392674	3.76068	0.325501
13	0.394384	3.26454	0.0431922
13	0.397286	3.14122	0.0406726
8	0.397611	3.087	0.840377
7	0.397672	2.71309	0.174948
2.76	0.398874	3.70026	0.337516
13	0.400197	3.02949	0.0389148
13	0.403099	2.92368	0.0379752
8	0.403264	3.01369	0.458909
2.76	0.405036	3.3831	0.319953
7	0.405837	2.49841	0.163962
13	0.405978	2.81469	0.0362175
13	0.408864	2.71542	0.0345223
2.76	0.411162	3.16159	0.303224
13	0.411759	2.61402	0.032798
7	0.414083	2.16564	0.148011
13	0.414629	2.51939	0.0318571
2.76	0.417253	2.80918	0.278997
13	0.417508	2.42874	0.0301663
13	0.420364	2.34129	0.0292248
7	0.422552	1.87314	0.131084
13	0.423228	2.25315	0.0275371
13	0.426084	2.1712	0.026628
13	0.428933	2.09371	0.025719
7	0.43124	1.66918	0.121593
13	0.43179	2.01451	0.0240366
2.76	0.434307	2.05402	0.132958
13	0.434641	1.9414	0.0231626
13	0.437468	1.87101	0.0222542
7	0.440141	1.44376	0.108178
13	0.440303	1.7983	0.0213811
13	0.443132	1.73123	0.0204731
13	0.44597	1.6686	0.019601
13	0.448784	1.60746	0.0187298
7	0.449392	1.18077	0.091281
13	0.451608	1.54731	0.0178596
13	0.454425	1.48485	0.0169905
13	0.457234	1.43182	0.0161228
7	0.458985	1.14052	0.091281
13	0.460038	1.37948	0.0152567
13	0.46285	1.32911	0.015179
2.76	0.463821	1.44487	0.108244
13	0.46564	1.27804	0.014313
13	0.468439	1.23006	0.0134895
7	0.468913	0.9312	0.0780085
13	0.471231	1.18589	0.012671
13	0.474017	1.14145	0.0125464
13	0.476797	1.09648	0.0118751
7	0.479169	0.756768	0.0660072
13	0.479586	1.05432	0.0113522
13	0.482368	1.01624	0.0109028
13	0.485144	0.977909	0.0103817
13	0.487914	0.940239	0.0100055
7	0.489745	0.676261	0.0600066
13	0.490678	0.903768	0.00962946
2.76	0.492624	0.835706	0.0731663
13	0.493436	0.86882	0.00925349
13	0.496203	0.835156	0.00892291
13	0.498964	0.802156	0.00854755
7	0.500769	0.574822	0.0543998
13	0.501719	0.772834	0.0081724
13	0.504468	0.74266	0.00791452
13	0.507211	0.712618	0.00761012
13	0.509964	0.687621	0.00728324
7	0.512363	0.489484	0.048039
13	0.512696	0.658702	0.00697888
13	0.515437	0.633271	0.00672293
13	0.518172	0.607599	0.00641865
2.76	0.520787	0.578953	0.0607874
13	0.520917	0.583629	0.00623215
13	0.523641	0.56095	0.00597762
7	0.524382	0.39046	0.0400438
13	0.526375	0.537352	0.00574164
13	0.529103	0.517325	0.00548773
13	0.531825	0.494915	0.0053021
13	0.534542	0.475772	0.0051167
7	0.537077	0.337325	0.0362203
13	0.537254	0.455514	0.00493156
13	0.539975	0.437316	0.0047467
13	0.542691	0.420082	0.00456217
13	0.545401	0.401766	0.00437799
13	0.548106	0.385925	0.00419423
2.76	0.548371	0.412819	0.0473265
7	0.550431	0.227567	0.0262744
13	0.550806	0.370196	0.00401093
13	0.553501	0.354287	0.00389188
13	0.556205	0.339428	0.00370901
13	0.558905	0.325666	0.00352677
2.76	0.559568	0.330507	0.0403641
13	0.561599	0.311617	0.00340753
13	0.564288	0.299077	0.00334526
7	0.564427	0.16987	0.0209336
13	0.566986	0.286145	0.00316459
13	0.569665	0.273495	0.00304522
13	0.572354	0.262453	0.00292584
13	0.575037	0.250911	0.00286554
2.76	0.575426	0.236616	0.0364724
13	0.577716	0.23984	0.0026871
7	0.579302	0.149743	0.0193757
13	0.580404	0.22946	0.00256774
2.76	0.581066	0.228359	0.0280764
13	0.583073	0.219566	0.00251019
13	0.585751	0.209637	0.00239093
13	0.588425	0.200833	0.00233513
13	0.591094	0.191791	0.00227169
13	0.593772	0.183277	0.00215247
7	0.595158	0.111905	0.0158058
13	0.596432	0.175053	0.00209712
13	0.599101	0.166711	0.00197818
13	0.601766	0.159406	0.00192522
2.76	0.601996	0.171169	0.0435542
2.76	0.602249	0.157727	0.0204514
13	0.604426	0.152052	0.0018593
13	0.607081	0.144831	0.00180681
13	0.609746	0.137842	0.00168853
7	0.61209	0.0721882	0.0108311
13	0.612392	0.132366	0.00168853
13	0.615048	0.126261	0.00157043
13	0.617699	0.119766	0.00152202
13	0.62036	0.114485	0.00145253
13	0.623002	0.108785	0.00142369
2.76	0.623167	0.104463	0.013788
13	0.625654	0.103764	0.00137685
2.76	0.628119	0.0956531	0.0233798
13	0.628288	0.0988797	0.00133009
7	0.630312	0.063064	0.0100732
13	0.630931	0.0940569	0.001286
13	0.633584	0.0897857	0.00123949
13	0.636218	0.0854909	0.00119746
7	0.637763	0.0604073	0.0221369
13	0.638862	0.0809592	0.00115834
13	0.641488	0.0771458	0.00111638
2.76	0.643837	0.0639365	0.00895686
13	0.644124	0.0734612	0.00107756
7	0.646271	0.0468015	0.0172192
13	0.646769	0.0694199	0.00104307
13	0.649396	0.0666339	0.00100868
13	0.652033	0.0629921	0.000974388
2.76	0.653826	0.0654469	0.0174708
13	0.654652	0.0601917	0.000944108
7	0.654737	0.042159	0.0155768
8	0.656724	0.0546049	0.0136866
13	0.65728	0.0570978	0.000909969
13	0.659905	0.0543706	0.000879741
13	0.662538	0.0514091	0.000845785
7	0.66316	0.0357721	0.0132633
2.76	0.664273	0.0479272	0.00740633
13	0.665155	0.0487353	0.000823236
13	0.66778	0.0464829	0.000793117
13	0.670402	0.0438788	0.000770691
7	0.671542	0.0311563	0.011598
8	0.672328	0.0387163	0.0103739
13	0.67302	0.041824	0.000740649
13	0.675634	0.0395304	0.000721786
13	0.678257	0.0376107	0.000702925
7	0.679884	0.0248526	0.000697729
13	0.680876	0.0353476	0.000672929
13	0.683491	0.0337414	0.000654075
2.76	0.684447	0.0361468	0.00639769
13	0.686103	0.031989	0.000635223
8	0.687914	0.0293989	0.007933
13	0.68871	0.0301745	0.000616373
7	0.689369	0.0209641	0.00786566
13	0.691327	0.028812	0.000597524
13	0.693927	0.0272431	0.000578677
13	0.696536	0.0257589	0.000556576
7	0.698803	0.0169709	0.00639472
13	0.699142	0.0243037	0.000537752
13	0.701757	0.0232068	0.000526771
8	0.703364	0.022092	0.00618948
2.76	0.704354	0.020792	0.00468716
13	0.704355	0.0220764	0.000507965
13	0.706962	0.0207011	0.000486169
7	0.708188	0.014384	0.00544556
13	0.709566	0.0195729	0.000475345
13	0.712166	0.0185775	0.000456607
13	0.714762	0.0174572	0.000437881
13	0.717368	0.0166629	0.000427169
7	0.718689	0.0119875	0.00456085
8	0.718802	0.0134857	0.00462032
13	0.719957	0.0157854	0.000414035
13	0.722555	0.0149066	0.000395456
2.76	0.724024	0.0160597	0.00426615
13	0.725215	0.0140334	0.000376906
13	0.728	0.0131855	0.000350244
7	0.729131	0.00904096	0.00345856
13	0.730949	0.0124024	0.000331744
13	0.734074	0.0113888	0.000303114
8	0.734231	0.0102001	0.00366138
13	0.7374	0.0108176	0.000286678
7	0.740666	0.00811513	0.00312313
13	0.740939	0.0099306	0.000262131
2.76	0.743529	0.0105218	0.00331696
13	0.744728	0.00929103	0.00024367
13	0.748791	0.00854143	0.000227326
8	0.749653	0.00845922	0.00313833
7	0.752131	0.00685117	0.00265157
13	0.753191	0.00793388	0.000222893
13	0.75795	0.00730662	0.000262674
2.76	0.762942	0.00800465	0.00283965
13	0.763156	0.0068075	0.000362544
7	0.764665	0.00579115	0.00225376
8	0.765069	0.00568852	0.0025281
13	0.768867	0.00626896	0.000539407
13	0.775181	0.00578984	0.000798178
7	0.777119	0.00521955	0.00204423
8	0.780365	0.0055414	0.00235375
13	0.782193	0.00543448	0.00103883
2.76	0.782289	0.00493369	0.00199921
13	0.789946	0.00514325	0.000720403
7	0.790618	0.00505586	0.00189637
8	0.79566	0.00421735	0.00209222
13	0.798481	0.00489752	0.000260768
2.76	0.801481	0.00427922	0.00181581
7	0.804029	0.00479823	0.00179086
13	0.807702	0.00481538	0.00029489
8	0.810955	0.00348177	0.00200504
13	0.817452	0.00488936	0.000321487
7	0.818459	0.0043125	0.0016816
2.76	0.820776	0.00463162	0.00163324
8	0.826252	0.00370244	0.00200504
13	0.827489	0.00502724	0.000376528
7	0.83389	0.00452451	0.00175749
13	0.837614	0.00520922	0.000448813
2.76	0.839406	0.00659503	0.00299407
13	0.84768	0.0053948	0.000475495
7	0.84812	0.00495388	0.00191926
8	0.848939	0.00446254	0.00174352
2.76	0.857555	0.00860878	0.00445861
13	0.857566	0.00566169	0.000469916
7	0.863342	0.00490021	0.0018923
13	0.867251	0.00595335	0.000409186
13	0.876713	0.00622218	0.000328831
7	0.87846	0.00557379	0.00214501
8	0.878901	0.00573756	0.00200504
2.76	0.884467	0.00745087	0.00263352
13	0.885956	0.00651211	0.000263757
7	0.893478	0.00613197	0.00234918
13	0.894995	0.00676202	0.000227169
13	0.903855	0.00700648	0.000239093
7	0.908399	0.00596827	0.00227954
13	0.912563	0.0072635	0.000245419
2.76	0.919635	0.00614194	0.00290361
13	0.921121	0.00754502	0.000256774
8	0.922143	0.00703709	0.00200504
7	0.922169	0.0065023	0.00247572
13	0.929554	0.00767996	0.00026871
7	0.93691	0.00661501	0.00250983
13	0.937887	0.00784334	0.000280647
13	0.946121	0.00802332	0.000274873
7	0.951561	0.00736105	0.00278135
13	0.954292	0.00816396	0.000263757
13	0.962402	0.00816257	0.000258434
7	0.966126	0.00665258	0.00250421
13	0.970473	0.00827663	0.000260084
8	0.976809	0.0064241	0.0021794
13	0.978519	0.00832915	0.000255242
7	0.980605	0.00673846	0.00252795
13	0.98655	0.00846075	0.000255242
13	0.994591	0.00843514	0.000250592
7	0.996028	0.00733958	0.00274236
13	1.00264	0.00853191	0.000250592
7	1.01034	0.00711684	0.0026513
13	1.01073	0.00846278	0.000250592
13	1.01887	0.00845246	0.000246144
7	1.02457	0.00694241	0.0025784
13	1.02708	0.008467	0.000246144
8	1.02907	0.00760104	0.00226657
13	1.03537	0.00835993	0.000246144
7	1.03873	0.00672236	0.00248654
13	1.04377	0.00839332	0.000241909
13	1.05229	0.00823619	0.000241909
7	1.05381	0.00698535	0.00257546
13	1.06095	0.00813037	0.000234579
7	1.06782	0.00645936	0.00237359
13	1.06976	0.00799706	0.000234579
13	1.07875	0.00788311	0.00023044
8	1.08255	0.00701257	0.00209222
7	1.08274	0.00621516	0.00227613
13	1.08794	0.00778542	0.000223053
13	1.09734	0.00758664	0.000223053
7	1.09759	0.00572675	0.0020911
13	1.10699	0.00741687	0.000211573
7	1.11236	0.00579384	0.00210684
13	1.11692	0.00733819	0.000211573
7	1.12705	0.00508001	0.00184065
13	1.12713	0.00722011	0.000204201
13	1.13769	0.00696657	0.000200146
8	1.14221	0.00546784	0.00183069
7	1.14264	0.00491631	0.00177337
13	1.14859	0.00679572	0.000192707
7	1.15815	0.00438228	0.00157659
13	1.15991	0.00650441	0.000185355
13	1.17167	0.00630477	0.000181272
7	1.17454	0.00440643	0.0015763
13	1.18391	0.00609037	0.000173845
7	1.19084	0.00454866	0.00161928
8	1.19413	0.00448706	0.00183069
13	1.19672	0.00585193	0.000162398
7	1.20611	0.00379457	0.00134812
13	1.21014	0.00560899	0.000162398
7	1.22319	0.00377042	0.00133151
13	1.22426	0.00532491	0.000151027
13	1.23917	0.00505366	0.000143525
7	1.23924	0.00378384	0.00133182
13	1.25499	0.00474482	0.000132149
7	1.25615	0.00319882	0.00112142
13	1.27184	0.00454195	0.000124655
7	1.2739	0.00328738	0.00114541
13	1.28994	0.00417202	0.00011327
7	1.29248	0.00303512	0.00105417
13	1.30953	0.0038444	0.00011327
7	1.31003	0.00269431	0.000930671
7	1.32842	0.0023441	0.000806611
13	1.33096	0.00352837	0.000102013
8	1.34206	0.0015187	0.000627855
7	1.34761	0.0021109	0.000722793
13	1.35473	0.00317826	9.44E-05
7	1.3667	0.00218255	0.000742522
13	1.38157	0.00282387	7.55E-05
7	1.38659	0.00193191	0.000653943
7	1.40727	0.00174459	0.000587377
13	1.41255	0.00243275	6.87E-05
7	1.42872	0.00136513	0.000457643
13	1.44931	0.00204946	5.77E-05
7	1.45004	0.00141183	0.000469755
7	1.47301	0.00133132	0.00044005
13	1.49446	0.00164805	4.63E-05
7	1.49671	0.00113354	0.00037231
7	1.52201	0.000912415	0.000297993
7	1.54715	0.000875919	0.000283784
13	1.55319	0.00123665	3.47E-05
7	1.5747	0.000723223	0.000232838
7	1.60292	0.000593875	0.000189944
13	1.62456	0.000844575	2.72E-05
7	1.63264	0.000536447	0.000170055
7	1.66467	0.000438228	0.000137884
7	1.6973	0.000394754	0.000110529
13	1.70165	0.0005709	2.11E-05
7	1.73052	0.000286069	8.87E-05
7	1.76759	0.000225662	6.93E-05
13	1.78485	0.000364363	1.61E-05
7	1.80924	0.00020057	6.09E-05
7	1.85214	0.000149529	4.51E-05
13	1.87462	0.000222292	1.20E-05
7	1.89785	0.000124518	3.93E-05
7	1.94867	9.90E-05	2.92E-05
13	1.97145	0.000127958	8.80E-06
7	2.00679	5.80E-05	1.75E-05
7	2.06968	5.14E-05	1.52E-05
13	2.07588	7.11E-05	6.45E-06
7	2.14021	3.38E-05	1.02E-05
13	2.18854	3.84E-05	4.53E-06
7	2.22263	1.57E-05	5.18E-06
13	2.30977	1.88E-05	3.07E-06
7	2.32605	1.11E-05	3.66E-06
13	2.43995	1.04E-05	2.21E-06
7	2.45088	5.64E-06	2.51E-06
13	2.57956	4.30E-06	1.38E-06
13	2.73078	1.80E-06	8.80E-07
13	2.89543	6.98E-07	5.34E-07
13	3.06796	4.15E-07	2.23E-07
13	3.25531	9.01E-08	4.94E-08
